
Handles  NPM(K)    PM(K)      WS(K)     CPU(s)     Id  SI ProcessName                                                  
-------  ------    -----      -----     ------     --  -- -----------                                                  
    192      13     2928       8760       0.08  14148   1 acrotray                                                     
    261      16     9064      13096              6156   0 AdjustService                                                
    270      16     5312      11568              6192   0 AGMService                                                   
    316      17     5276      13352              6180   0 AGSService                                                   
    243      21    99764      21700              8644   1 AlarmClock                                                   
    789      42    47404      47776      16.95   2688   1 ApplicationFrameHost                                         
    123       8     1560       5120              6028   0 armsvc                                                       
    192      14    18196       1444       0.34   5104   1 AsRogAuraGpuDllServer                                        
    588      28    73940      91816              8976   0 aswEngSrv                                                    
   1059      27    50012      69052             10356   0 aswidsagent                                                  
   1118      36   112508     142456              5704   0 aswToolsSvc                                                  
    277      16    13436      19524   1,514.88   6940   0 audiodg                                                      
   6478     130   185092     277552              4952   0 AvastSvc                                                     
    533      30    13260      34188       0.48   9284   1 AvastUI                                                      
    640      31    21392      40520       2.16  12836   1 AvastUI                                                      
   2324      52    45208      69772     244.25  13912   1 AvastUI                                                      
    558      31    14928      38904       0.70  15956   1 AvastUI                                                      
    588      30    43212       4012       0.70   6764   1 Calculator                                                   
   3715     229  1084036     702428   3,154.70  19560   1 CamtasiaStudio                                               
    775      39    34892      83768       6.39   1172   1 Code                                                         
    568      29   143124      85804       2.63   2748   1 Code                                                         
    314      22   215732     262412       9.78   2808   1 Code                                                         
    182      13    19016      67828       0.38   5788   1 Code                                                         
    192      13    89004     133456       7.91  13300   1 Code                                                         
    169      13    17120      62748       0.31  14300   1 Code                                                         
    220      12     9416      24168       0.03  16172   1 Code                                                         
    354      19    32900      80720       2.44  16444   1 Code                                                         
    503      25   116524     143980       7.89  18048   1 Code                                                         
    390      17    12372      39652       0.16  20232   1 Code                                                         
    290      18    11184      16068       0.13  20624   1 CodeHelper                                                   
    415      26    30252      29152              6052   0 com.docker.service                                           
    144       8     1852       8108       0.06  16576   1 CompPkgSrv                                                   
    102       8     6520      11068       0.03   9756   1 conhost                                                      
    164      11     6932        984       0.73  11140   1 conhost                                                      
    102       8     6524      11028       0.05  18556   1 conhost                                                      
    202      13     7416      16968       1.22  21464   1 conhost                                                      
    854      26     2156       5088               720   0 csrss                                                        
    913      40     3060       6108              1016   1 csrss                                                        
    565      20    59440      29800      94.67   5364   1 ctfmon                                                       
    597      20     9184      15076              3464   0 dasHost                                                      
    547      32    85220      66136      48.83   5648   1 Discord                                                      
    305      21    12988      56624       0.80   8368   1 Discord                                                      
    821      53    43480      61936      38.28   8680   1 Discord                                                      
    213      15    11268      22440       0.13  16984   1 Discord                                                      
    329      23    15580      35816      16.83  19272   1 Discord                                                      
   1269     156   388156     261280   4,045.53  19320   1 Discord                                                      
    144      10     1892       8064       0.02    264   1 dllhost                                                      
    343      23     5300      12060       0.27   2416   1 dllhost                                                      
    631      18     6200      26448       7.11   9348   1 dllhost                                                      
    204      16     3132       9584             12808   0 dllhost                                                      
   1574      77   188824     101648              1200   1 dwm                                                          
     76       6     1016       3720              6220   0 E_WT50RP                                                     
    818      45    52356      70584      14.42  14860   1 EarTrumpet                                                   
    420      27    19304      22780              1360   0 EasyTuneEngineService                                        
   5926    1039   259364     283084     980.16   7640   1 explorer                                                     
   2992     240   401140     450728   1,599.72   2156   1 firefox                                                      
    993     112   825572     153732   1,219.86   5196   1 firefox                                                      
   1235     138   426536     385804     350.03   8988   1 firefox                                                      
   1313     123   181700     130384      88.20  11416   1 firefox                                                      
   1031      78    62776      64676       6.75  11660   1 firefox                                                      
   1312     123   269264     234612      60.39  12460   1 firefox                                                      
    500      30    52376      30028      34.38  14052   1 firefox                                                      
   1334     125   250864     135696      19.72  14084   1 firefox                                                      
   1245     139   370892     331536     784.42  15072   1 firefox                                                      
     32       6     1744       2268               680   0 fontdrvhost                                                  
     32       9     4388       9656              1020   1 fontdrvhost                                                  
    680      33    38660       2680       0.73  12192   1 GameBar                                                      
    297      13     3160      12584       0.19    944   1 GameBarFTServer                                              
    459      20     6816      22872              6604   0 GamingServices                                               
    102       6     1132       3988              6320   0 GamingServicesNet                                            
    364      23    18884      20544             11616   0 GCloud                                                       
    171      10     1624       1120             11828   0 GoogleCrashHandler                                           
    155       9     1796        916             12952   0 GoogleCrashHandler64                                         
     50       6     2728       3736       3.78  14468   1 googledrivesync                                              
    964      48   174856      80700      97.38  14720   1 googledrivesync                                              
    270      16     3556      13108              6272   0 hamachi-2                                                    
    150       8     1388       6012              6288   0 HiSuiteOuc64                                                 
   1101      48    69388       6592       1.47  11044   1 HxOutlook                                                    
    822      32    25584       2788       4.52  15968   1 HxTsr                                                        
      0       0       60          8                 0   0 Idle                                                         
    102      10      976       4248              6364   0 KMS Server Service                                           
    278      13     2220       7148              6344   0 LightingService                                              
    169      10     1884       7212              6352   0 LMIGuardianSvc                                               
   2005      31    11528      25480               744   0 lsass                                                        
    170      14     2068       5648              5028   0 mDNSResponder                                                
      0       0     1692     600224              2668   0 Memory Compression                                           
    907      52    74220       3124       2.34  11576   1 Microsoft.Photos                                             
    525      33    39912      40136       0.30   4036   1 Music.UI                                                     
    327      16     4804      14664              2272   0 NVDisplay.Container                                          
    688      32    34372      38012              3188   1 NVDisplay.Container                                          
    712      27    35920      43512              6204   0 OfficeClickToRun                                             
   1809     114   145140     236412      90.31  18228   1 onenoteim                                                    
    372      25     5464      14344              6520   0 OriginWebHelperService                                       
    306      19    33960       1828       0.50  10224   1 pcee4                                                        
    535      28    57568      60368       1.30  20684   1 powershell                                                   
    136       9     1612       7340       0.06  21088   1 py                                                           
    229      54   311592      95608       2.39  20452   1 python                                                       
    236      23    23868      17928       4.94  14580   1 pythonw                                                      
      0      20    15812     105636               124   0 Registry                                                     
    161       9     1696       6084              6512   0 RtkAudUService64                                             
    166      10     1908       7004       0.08  13988   1 RtkAudUService64                                             
    145      10     2676       8744       0.09   8896   1 rundll32                                                     
    121       8     1760       5884       0.03   2052   1 RuntimeBroker                                                
    390      20    10172      28260       0.92   9684   1 RuntimeBroker                                                
    559      27    12404      38596       4.17  10440   1 RuntimeBroker                                                
    299      18     6792      22732       1.08  11820   1 RuntimeBroker                                                
    523      24     8172      30704       2.27  12816   1 RuntimeBroker                                                
    411      19     7228      26060      19.97  12944   1 RuntimeBroker                                                
    290      15     3684      20900       0.41  13852   1 RuntimeBroker                                                
    412      18     4376      18188       0.23  14040   1 RuntimeBroker                                                
    344      17     5716      23580       0.88  15444   1 RuntimeBroker                                                
    259      12     2960      11164       0.19  17496   1 RuntimeBroker                                                
    280      12     3876      17420       0.52  17940   1 RuntimeBroker                                                
   1829     148   243368     294232      32.41  12040   1 SearchApp                                                    
   1008      77    40416      46864              6708   0 SearchIndexer                                                
    401      17     4284      12992             13624   0 SecurityHealthService                                        
    165      10     1980       8128       0.09  13588   1 SecurityHealthSystray                                        
    889      15     7304      12308               672   0 services                                                     
    595      25     9940       5360      13.42  12256   1 SettingSyncHost                                              
    197      11    13444      11668              6544   0 SetupAfterRebootService                                      
    105       8     5656       7892              1480   0 SgrmBroker                                                   
   1120      44    61676      67948       9.75   5384   1 ShellExperienceHost                                          
    847      26    12872      40340      10.14   4664   1 sihost                                                       
     53       3     1072        956               516   0 smss                                                         
    509      24     6328      14132              5988   0 spoolsv                                                      
    537      34    45540      46832       2.13   5976   1 Spotify                                                      
    455      49    64948      92068      19.75   8636   1 Spotify                                                      
    298      21    11620      18600       0.16   9704   1 Spotify                                                      
    394      29    15236      29820       6.70  11400   1 Spotify                                                      
   1534      78    86728      92556      69.28  11928   1 Spotify                                                      
    282      20    11324      15836       0.23  17560   1 Spotify                                                      
    753      35    55316      78080      11.94  11536   1 StartMenuExperienceHost                                      
   1805      26    13416      29272               972   0 svchost                                                      
   1633      21    11144      17668              1072   0 svchost                                                      
    326      13     2896       7868              1124   0 svchost                                                      
    194      12     2576       8396              1168   0 svchost                                                      
    111       7     1352       4172              1308   0 svchost                                                      
    216      12     2324       8292              1340   0 svchost                                                      
    329      10     2328      11172              1348   0 svchost                                                      
    416      18     7272      15368              1444   0 svchost                                                      
    146      12     1692       5436              1464   0 svchost                                                      
    247      14     5300      11868              1492   0 svchost                                                      
    167      10     2352       8796       0.03   1512   1 svchost                                                      
    219      11     2672       9528              1528   0 svchost                                                      
    478      15    17304      15024              1556   0 svchost                                                      
    190       7     1688       5300              1600   0 svchost                                                      
    173      12     2440       9348              1696   0 svchost                                                      
    400      16     4876      10516              1736   0 svchost                                                      
    344      10     3000       9652              1740   0 svchost                                                      
    158      10     1764       6900              1748   0 svchost                                                      
    163      33     6812       6640              1852   0 svchost                                                      
    241      10     2748       6792              1932   0 svchost                                                      
   1015      16    13172      20876              1940   0 svchost                                                      
    127       8     1512       5872              2084   0 svchost                                                      
    227      12    14184      22064              2140   0 svchost                                                      
    232      12     2484       9876              2148   0 svchost                                                      
    312      29     7292      14580              2204   0 svchost                                                      
    514      12     3072       8656              2228   0 svchost                                                      
    179       9     2040       6224              2388   0 svchost                                                      
    230      12     2996      13424              2432   0 svchost                                                      
    291       7     1412       5248              2448   0 svchost                                                      
    223      14     2196       7836              2528   0 svchost                                                      
    210      12     2308       7896              2552   0 svchost                                                      
    330      12     3756      10736              2564   0 svchost                                                      
    195      10     2500       7304              2576   0 svchost                                                      
    146       9     1588       5764              2624   0 svchost                                                      
    383      17     5288       9356              2792   0 svchost                                                      
    229      10     2396       7528              2832   0 svchost                                                      
    269      15     3044       7580              2848   0 svchost                                                      
    138       9     1576       5832              2856   0 svchost                                                      
    445      36    48492      15532              3048   0 svchost                                                      
    191      12     3324      11348              3084   0 svchost                                                      
    326      12     2940       8380              3140   0 svchost                                                      
    220      16    11084       8948              3376   0 svchost                                                      
    246      11     2200       8680              3420   0 svchost                                                      
    356      20     3544       8092              3780   0 svchost                                                      
    524      16     5656      19532              4612   0 svchost                                                      
    427      17     7608      21072       1.17   4692   1 svchost                                                      
    674      24     9448      36504      11.14   4800   1 svchost                                                      
    325      14     5592      17712              4808   0 svchost                                                      
    361      15     2592       8324              4832   0 svchost                                                      
    129      11     1716       5664              4844   0 svchost                                                      
    184      11     2112       7324              4880   0 svchost                                                      
    206      13     2432      10992              4944   0 svchost                                                      
    365      17     2920       9360              5116   0 svchost                                                      
    167      10     1856       6816              5232   0 svchost                                                      
    215      12     2512       8636              5696   0 svchost                                                      
    584      27    18928      29156              6164   0 svchost                                                      
    343      20    39820      41104              6172   0 svchost                                                      
    264      14     2732       6352              6264   0 svchost                                                      
    132       9     1620       5276              6480   0 svchost                                                      
    246      13     2784       8340              6584   0 svchost                                                      
    140       8     1300       4748              6640   0 svchost                                                      
    373      18     4380      18096              6672   0 svchost                                                      
    528      29    10672      19996              6704   0 svchost                                                      
    125       8     1636       5044              6776   0 svchost                                                      
    386      23     3420      10748              7136   0 svchost                                                      
     80       5     1080       3580              8092   0 svchost                                                      
    207      11     2040       6772              8224   0 svchost                                                      
    168       9     2064       7448              8280   0 svchost                                                      
    164      11     2104       5812              8352   0 svchost                                                      
    393      21     5216      15916              8548   0 svchost                                                      
    335      17     4232      24428       0.94   8756   1 svchost                                                      
    160      18     1796       6620              8840   0 svchost                                                      
    278      13     2708      11248             10208   0 svchost                                                      
    243      13     3036       9548             10292   0 svchost                                                      
    219      29     2888      10240             10756   0 svchost                                                      
    122       8     1648       7596             10908   0 svchost                                                      
    149      11     2588      12380       0.03  11396   1 svchost                                                      
    580      15    10888      19700             11452   0 svchost                                                      
    303      16     4512      20508             11764   0 svchost                                                      
    202      12     2772      10416             13124   0 svchost                                                      
    660      32     9104      31804       2.36  13336   1 svchost                                                      
    154      10     2092      10900             14224   0 svchost                                                      
    344      14     6992      11852             14996   0 svchost                                                      
    237      14     3108      13060             15044   0 svchost                                                      
    118       8     1776       5620             15920   0 svchost                                                      
    208      16     6952       9192             18008   0 svchost                                                      
    176     528     2896       6012             18968   0 svchost                                                      
   6476       0      204       3456                 4   0 System                                                       
    202      12     3920      13536       0.11  11668   1 SystemSettingsBroker                                         
    338      45    10728      20688       3.48   3232   1 taskhostw                                                    
    385      97   191012     116932     122.42   1684   1 Teams                                                        
   1291      78   197024     139904     153.58   5148   1 Teams                                                        
    310      23    23444      78260       0.13  12304   1 Teams                                                        
    688      41   297668      72040     186.27  14540   1 Teams                                                        
    441      21    18756      43356      10.58  14692   1 Teams                                                        
    524     172   405000     347356     963.44  15068   1 Teams                                                        
    365      27    30832      51572       0.44  15328   1 Teams                                                        
    334      21    11628      61136       1.17  15616   1 Teams                                                        
   1264      55   169476     135116     104.77  16128   1 Teams                                                        
    364      56    85644      73672       6.30  19504   1 Teams                                                        
    474      50    19084      20136              6728   0 TeamViewer_Service                                           
    601      25    34928      45092      21.67   5660   1 TextInputHost                                                
    103       9     1144       4420              6576   0 TimeMgmtDaemon                                               
    283      16     6260      17784      40.88  14952   1 TranslucentTB                                                
    151       9     1908       7920              8208   0 unsecapp                                                     
    531      33    39016       1480       0.28  18564   1 Video.UI                                                     
    144       8     1940       6468              3536   0 vmcompute                                                    
    569      23    39764      18744              1096   0 vmms                                                         
    511      47    25180      43888       2.28  20032   1 vsls-agent                                                   
    366      30   241440      39904     190.20   8064   1 wallpaper64                                                  
    161      11     1400       5856              1008   0 wininit                                                      
    276      13     3276      12908               832   1 winlogon                                                     
   1051      74    85436       3088       6.89   9328   1 WinStore.App                                                 
    207      12     5972      13624             18680   0 WmiPrvSE                                                     
    572      28     8540      21612              8668   0 wmpnetwk                                                     
    343      11     4904      13388              2440   0 wsc_proxy                                                    
    792      50    49040      11872       0.94   7844   1 YourPhone                                                    


